DUMP DE TARJETA UID: F090DDFB
========================================

+ SECTOR 0
Bloque 00: F0 90 DD FB 46 88 04 00 C8 14 00 20 00 00 00 24
Bloque 01: 00 00 00 00 00 00 00 00 00 00 00 00 00 00 00 00
Bloque 02: 00 00 00 00 00 00 00 00 00 00 00 00 00 00 00 00
Bloque 03: 00 00 00 00 00 00 F7 87 80 00 00 00 00 00 00 00

+ SECTOR 1
Bloque 04: 00 00 00 00 00 00 00 00 00 00 00 00 00 00 00 00
Bloque 05: 00 00 00 00 00 00 00 00 00 00 00 00 00 00 00 00
Bloque 06: 00 00 00 00 00 00 00 00 00 00 00 00 00 00 00 00
Bloque 07: 00 00 00 00 00 00 F7 87 80 00 00 00 00 00 00 00

+ SECTOR 2
Bloque 08: 00 00 00 00 00 00 00 00 00 00 00 00 00 00 00 00
Bloque 09: 00 00 00 00 00 00 00 00 00 00 00 00 00 00 00 00
Bloque 10: 00 00 00 00 00 00 00 00 00 00 00 00 00 00 00 00
Bloque 11: 00 00 00 00 00 00 F7 87 80 00 00 00 00 00 00 00

+ SECTOR 3
Bloque 12: 00 00 00 00 00 00 00 00 00 00 00 00 00 00 00 00
Bloque 13: 00 00 00 00 00 00 00 00 00 00 00 00 00 00 00 00
Bloque 14: 00 00 00 00 00 00 00 00 00 00 00 00 00 00 00 00
Bloque 15: 00 00 00 00 00 00 F7 87 80 00 00 00 00 00 00 00

+ SECTOR 4
Bloque 16: 00 00 00 00 00 00 00 00 00 00 00 00 00 00 00 00
Bloque 17: 00 00 00 00 00 00 00 00 00 00 00 00 00 00 00 00
Bloque 18: 00 00 00 00 00 00 00 00 00 00 00 00 00 00 00 00
Bloque 19: 00 00 00 00 00 00 F7 87 80 00 00 00 00 00 00 00

+ SECTOR 5
Bloque 20: 00 00 00 00 00 00 00 00 00 00 00 00 00 00 00 00
Bloque 21: 00 00 00 00 FF FF FF FF 00 00 00 00 00 FF 00 FF
Bloque 22: 00 00 00 00 FF FF FF FF 00 00 00 00 00 FF 00 FF
Bloque 23: 00 00 00 00 00 00 90 F7 86 00 00 00 00 00 00 00

+ SECTOR 6
Bloque 24: 00 00 00 00 FF FF FF FF 00 00 00 00 00 FF 00 FF
Bloque 25: 00 00 00 00 FF FF FF FF 00 00 00 00 00 FF 00 FF
Bloque 26: 00 00 00 00 00 00 00 00 00 00 00 00 00 00 00 00
Bloque 27: 00 00 00 00 00 00 C0 F7 83 00 00 00 00 00 00 00

+ SECTOR 7
Bloque 28: 00 00 00 00 00 00 00 00 00 00 00 00 00 00 00 00
Bloque 29: 00 00 00 00 00 00 00 00 00 00 00 00 00 00 00 00
Bloque 30: 00 00 00 00 00 00 00 00 00 00 00 00 00 00 00 00
Bloque 31: 00 00 00 00 00 00 F0 F7 80 00 00 00 00 00 00 00

+ SECTOR 8
Bloque 32: 25 97 47 46 01 12 30 00 A8 90 08 40 00 00 00 01
Bloque 33: 25 97 47 46 01 12 30 00 A8 90 08 40 00 00 00 01
Bloque 34: 80 77 D5 08 00 00 00 31 01 F4 D0 C6 95 1C 25 D1
Bloque 35: 00 00 00 00 00 00 F4 B7 80 00 00 00 00 00 00 00

+ SECTOR 9
Bloque 36: 80 77 D5 08 00 00 00 31 01 F4 D0 C6 95 1C 25 D1
Bloque 37: 1A 01 00 00 E5 FE FF FF 1A 01 00 00 00 FF 00 FF
Bloque 38: 1A 01 00 00 E5 FE FF FF 1A 01 00 00 00 FF 00 FF
Bloque 39: 00 00 00 00 00 00 91 E7 86 00 00 00 00 00 00 00

+ SECTOR 10
Bloque 40: 00 10 CE 35 98 90 00 31 5A 5A 01 02 21 13 3F DC
Bloque 41: 25 90 CE 42 42 90 00 3F 3C 3C 10 02 02 03 84 43
Bloque 42: 00 10 CE 46 D2 90 00 31 5A 5A 01 02 21 13 75 AF
Bloque 43: 00 00 00 00 00 00 F7 87 80 00 00 00 00 00 00 00

+ SECTOR 11
Bloque 44: 00 10 D0 C6 95 90 00 31 5A 5A 01 02 21 03 3C 2F
Bloque 45: 00 10 D0 C8 0D 91 00 31 5A 5A 01 02 11 13 84 20
Bloque 46: 00 10 D1 65 68 10 00 31 5A 5A 01 02 21 03 C0 0C
Bloque 47: 00 00 00 00 00 00 F7 87 80 00 00 00 00 00 00 00

+ SECTOR 12
Bloque 48: 00 10 D1 66 3A 91 00 31 5A 5A 01 02 01 13 A2 8E
Bloque 49: 00 10 D1 AD 63 90 00 31 5A 5A 01 02 21 03 CB 44
Bloque 50: 00 10 D1 AD 63 90 00 31 5A 5A 01 02 21 03 CB 44
Bloque 51: 00 00 00 00 00 00 F7 87 80 00 00 00 00 00 00 00

+ SECTOR 13
Bloque 52: 00 00 00 00 00 00 00 00 00 00 00 00 00 00 00 00
Bloque 53: 00 00 00 00 00 00 00 00 00 00 00 00 00 00 00 00
Bloque 54: 00 00 00 00 00 00 00 00 00 00 00 00 00 00 00 00
Bloque 55: 00 00 00 00 00 00 F7 87 80 00 00 00 00 00 00 00

+ SECTOR 14
Bloque 56: 00 00 00 00 00 00 00 00 00 00 00 00 00 00 00 00
Bloque 57: 00 00 00 00 00 00 00 00 00 00 00 00 00 00 00 00
Bloque 58: 00 00 00 00 00 00 00 00 00 00 00 00 00 00 00 00
Bloque 59: 00 00 00 00 00 00 F7 87 80 00 00 00 00 00 00 00

+ SECTOR 15
Bloque 60: 00 00 00 00 00 00 00 00 00 00 00 00 00 00 00 00
Bloque 61: 00 00 00 00 00 00 00 00 00 00 00 00 00 00 00 00
Bloque 62: 00 00 00 00 00 00 00 00 00 00 00 00 00 00 00 00
Bloque 63: 00 00 00 00 00 00 F7 87 80 00 00 00 00 00 00 00
