DUMP DE TARJETA UID: 5D457183
========================================

+ SECTOR 0
Bloque 00: 5D 45 71 83 EA 88 04 00 C8 24 00 20 00 00 00 17
Bloque 01: 00 00 00 00 00 00 00 00 00 00 00 00 00 00 00 00
Bloque 02: 00 00 00 00 00 00 00 00 00 00 00 00 00 00 00 00
Bloque 03: 00 00 00 00 00 00 F7 87 80 00 00 00 00 00 00 00

+ SECTOR 1
Bloque 04: 00 00 00 00 00 00 00 00 00 00 00 00 00 00 00 00
Bloque 05: 00 00 00 00 00 00 00 00 00 00 00 00 00 00 00 00
Bloque 06: 00 00 00 00 00 00 00 00 00 00 00 00 00 00 00 00
Bloque 07: 00 00 00 00 00 00 F7 87 80 00 00 00 00 00 00 00

+ SECTOR 2
Bloque 08: 00 00 00 00 00 00 00 00 00 00 00 00 00 00 00 00
Bloque 09: 00 00 00 00 00 00 00 00 00 00 00 00 00 00 00 00
Bloque 10: 00 00 00 00 00 00 00 00 00 00 00 00 00 00 00 00
Bloque 11: 00 00 00 00 00 00 F7 87 80 00 00 00 00 00 00 00

+ SECTOR 3
Bloque 12: 00 00 00 00 00 00 00 00 00 00 00 00 00 00 00 00
Bloque 13: 00 00 00 00 00 00 00 00 00 00 00 00 00 00 00 00
Bloque 14: 00 00 00 00 00 00 00 00 00 00 00 00 00 00 00 00
Bloque 15: 00 00 00 00 00 00 F7 87 80 00 00 00 00 00 00 00

+ SECTOR 4
Bloque 16: 00 00 00 00 00 00 00 00 00 00 00 00 00 00 00 00
Bloque 17: 00 00 00 00 00 00 00 00 00 00 00 00 00 00 00 00
Bloque 18: 00 00 00 00 00 00 00 00 00 00 00 00 00 00 00 00
Bloque 19: 00 00 00 00 00 00 F7 87 80 00 00 00 00 00 00 00

+ SECTOR 5
Bloque 20: 00 00 00 00 00 00 00 00 00 00 00 00 00 00 00 00
Bloque 21: 00 00 00 00 00 00 00 00 00 00 00 00 00 00 00 00
Bloque 22: 00 00 00 00 00 00 00 00 00 00 00 00 00 00 00 00
Bloque 23: 00 00 00 00 00 00 F7 87 80 00 00 00 00 00 00 00

+ SECTOR 6
Bloque 24: 00 00 00 00 00 00 00 00 00 00 00 00 00 00 00 00
Bloque 25: 00 00 00 00 00 00 00 00 00 00 00 00 00 00 00 00
Bloque 26: 00 00 00 00 00 00 00 00 00 00 00 00 00 00 00 00
Bloque 27: 00 00 00 00 00 00 F7 87 80 00 00 00 00 00 00 00

+ SECTOR 7
Bloque 28: 00 00 00 00 00 00 00 00 00 00 00 00 00 00 00 00
Bloque 29: 00 00 00 00 00 00 00 00 00 00 00 00 00 00 00 00
Bloque 30: 00 00 00 00 00 00 00 00 00 00 00 00 00 00 00 00
Bloque 31: 00 00 00 00 00 00 F7 87 80 00 00 00 00 00 00 00

+ SECTOR 8
Bloque 32: 02 74 46 50 04 13 17 00 A8 90 10 10 59 0C 00 01
Bloque 33: 02 74 46 50 04 13 17 00 A8 90 10 10 59 0C 00 01
Bloque 34: 18 9B 9E 08 00 00 00 00 07 D0 B5 62 44 8A 91 D1
Bloque 35: 00 00 00 00 00 00 F4 B7 80 00 00 00 00 00 00 00

+ SECTOR 9
Bloque 36: 18 9B 9E 08 00 00 00 00 07 D0 B5 62 44 8A 91 D1
Bloque 37: D6 21 00 00 29 DE FF FF D6 21 00 00 00 FF 00 FF
Bloque 38: D6 21 00 00 29 DE FF FF D6 21 00 00 00 FF 00 FF
Bloque 39: 00 00 00 00 00 00 91 E7 86 00 00 00 00 00 00 00

+ SECTOR 10
Bloque 40: 0A B2 CB 52 11 0C 00 29 10 00 04 00 40 11 95 C5
Bloque 41: 03 C1 CB 2A D6 8C 00 26 10 00 04 00 40 21 6B 41
Bloque 42: 06 52 CB 31 CE 8C 00 29 10 00 04 00 40 11 46 C6
Bloque 43: 00 00 00 00 00 00 F7 87 80 00 00 00 00 00 00 00

+ SECTOR 11
Bloque 44: 0A B2 CB 32 2A 0C 00 29 10 00 04 00 40 21 9E A5
Bloque 45: 06 61 CB 34 1D 0C 00 26 10 00 04 00 40 11 95 7F
Bloque 46: 05 11 CB 36 D6 0C 00 26 10 00 04 00 40 21 6D 0D
Bloque 47: 00 00 00 00 00 00 F7 87 80 00 00 00 00 00 00 00

+ SECTOR 12
Bloque 48: 06 61 CB 3C 0B 0C 00 26 10 00 04 00 40 11 83 77
Bloque 49: 05 11 CB 46 4E 8C 00 26 10 00 04 00 40 21 F5 FD
Bloque 50: 0A B2 CB 52 11 0C 00 29 10 00 04 00 40 11 95 C5
Bloque 51: 00 00 00 00 00 00 F7 87 80 00 00 00 00 00 00 00

+ SECTOR 13
Bloque 52: 00 00 00 00 00 00 00 00 00 00 00 00 00 00 00 00
Bloque 53: 00 00 00 00 00 00 00 00 00 00 00 00 00 00 00 00
Bloque 54: 00 00 00 00 00 00 00 00 00 00 00 00 00 00 00 00
Bloque 55: 00 00 00 00 00 00 F7 87 80 00 00 00 00 00 00 00

+ SECTOR 14
Bloque 56: 00 00 00 00 00 00 00 00 00 00 00 00 00 00 00 00
Bloque 57: 00 00 00 00 00 00 00 00 00 00 00 00 00 00 00 00
Bloque 58: 00 00 00 00 00 00 00 00 00 00 00 00 00 00 00 00
Bloque 59: 00 00 00 00 00 00 F7 87 80 00 00 00 00 00 00 00

+ SECTOR 15
Bloque 60: 00 00 00 00 00 00 00 00 00 00 00 00 00 00 00 00
Bloque 61: 00 00 00 00 00 00 00 00 00 00 00 00 00 00 00 00
Bloque 62: 00 00 00 00 00 00 00 00 00 00 00 00 00 00 00 00
Bloque 63: 00 00 00 00 00 00 F7 87 80 00 00 00 00 00 00 00
