DUMP DE TARJETA UID: E637450F
========================================

+ SECTOR 0
Bloque 00: E6 37 45 0F 9B 88 04 00 C8 42 00 20 00 00 00 18
Bloque 01: 00 00 00 00 00 00 00 00 00 00 00 00 00 00 00 00
Bloque 02: 00 00 00 00 00 00 00 00 00 00 00 00 00 00 00 00
Bloque 03: 00 00 00 00 00 00 F7 87 80 00 00 00 00 00 00 00

+ SECTOR 1
Bloque 04: 00 00 00 00 00 00 00 00 00 00 00 00 00 00 00 00
Bloque 05: 00 00 00 00 00 00 00 00 00 00 00 00 00 00 00 00
Bloque 06: 00 00 00 00 00 00 00 00 00 00 00 00 00 00 00 00
Bloque 07: 00 00 00 00 00 00 F7 87 80 00 00 00 00 00 00 00

+ SECTOR 2
Bloque 08: 00 00 00 00 00 00 00 00 00 00 00 00 00 00 00 00
Bloque 09: 00 00 00 00 00 00 00 00 00 00 00 00 00 00 00 00
Bloque 10: 00 00 00 00 00 00 00 00 00 00 00 00 00 00 00 00
Bloque 11: 00 00 00 00 00 00 F7 87 80 00 00 00 00 00 00 00

+ SECTOR 3
Bloque 12: 00 00 00 00 00 00 00 00 00 00 00 00 00 00 00 00
Bloque 13: 00 00 00 00 00 00 00 00 00 00 00 00 00 00 00 00
Bloque 14: 00 00 00 00 00 00 00 00 00 00 00 00 00 00 00 00
Bloque 15: 00 00 00 00 00 00 F7 87 80 00 00 00 00 00 00 00

+ SECTOR 4
Bloque 16: 00 00 00 00 00 00 00 00 00 00 00 00 00 00 00 00
Bloque 17: 00 00 00 00 00 00 00 00 00 00 00 00 00 00 00 00
Bloque 18: 00 00 00 00 00 00 00 00 00 00 00 00 00 00 00 00
Bloque 19: 00 00 00 00 00 00 F7 87 80 00 00 00 00 00 00 00

+ SECTOR 5
Bloque 20: 00 00 00 00 00 00 00 00 00 00 00 00 00 00 00 00
Bloque 21: 00 00 00 00 FF FF FF FF 00 00 00 00 00 FF 00 FF
Bloque 22: 00 00 00 00 FF FF FF FF 00 00 00 00 00 FF 00 FF
Bloque 23: 00 00 00 00 00 00 90 F7 86 00 00 00 00 00 00 00

+ SECTOR 6
Bloque 24: 00 00 00 00 FF FF FF FF 00 00 00 00 00 FF 00 FF
Bloque 25: 00 00 00 00 FF FF FF FF 00 00 00 00 00 FF 00 FF
Bloque 26: 00 00 00 00 00 00 00 00 00 00 00 00 00 00 00 00
Bloque 27: 00 00 00 00 00 00 C0 F7 83 00 00 00 00 00 00 00

+ SECTOR 7
Bloque 28: 00 00 00 00 00 00 00 00 00 00 00 00 00 00 00 00
Bloque 29: 00 00 00 00 00 00 00 00 00 00 00 00 00 00 00 00
Bloque 30: 00 00 00 00 00 00 00 00 00 00 00 00 00 00 00 00
Bloque 31: 00 00 00 00 00 00 F0 F7 80 00 00 00 00 00 00 00

+ SECTOR 8
Bloque 32: 71 82 76 34 01 12 30 00 A8 90 08 42 00 00 00 01
Bloque 33: 71 82 76 34 01 12 30 00 A8 90 08 42 00 00 00 01
Bloque 34: 38 28 C8 08 00 00 00 00 01 F4 C9 1E 6D 3A 2F CA
Bloque 35: 00 00 00 00 00 00 F4 B7 80 00 00 00 00 00 00 00

+ SECTOR 9
Bloque 36: 38 28 C8 08 00 00 00 00 01 F4 C9 1E 6D 3A 2F CA
Bloque 37: F5 2E 00 00 0A D1 FF FF F5 2E 00 00 25 DA 25 DA
Bloque 38: F5 2E 00 00 0A D1 FF FF F5 2E 00 00 25 DA 25 DA
Bloque 39: 00 00 00 00 00 00 91 E7 86 00 00 00 00 00 00 00

+ SECTOR 10
Bloque 40: 00 71 C9 96 B6 10 00 24 10 08 00 00 00 38 57 DB
Bloque 41: 03 C1 C9 A2 4C 0C 00 26 10 00 04 00 00 01 93 49
Bloque 42: 03 C1 C9 A2 C8 8C 00 26 10 00 04 00 00 31 27 C9
Bloque 43: 00 00 00 00 00 00 F7 87 80 00 00 00 00 00 00 00

+ SECTOR 11
Bloque 44: 25 82 C4 DE C6 01 00 34 3C 3C 01 01 00 03 19 54
Bloque 45: 00 12 C4 E2 68 81 00 21 3C 3C 01 01 10 33 B2 6D
Bloque 46: 00 12 C9 1E 6D 81 00 29 3C 3C 01 02 20 23 9A 9A
Bloque 47: 00 00 00 00 00 00 F7 87 80 00 00 00 00 00 00 00

+ SECTOR 12
Bloque 48: 00 12 C9 1E A8 02 00 29 3C 3C 01 02 20 33 4F 19
Bloque 49: 00 71 C9 96 4D 18 00 24 10 08 00 66 00 28 BC B5
Bloque 50: 03 C1 C9 A2 C8 8C 00 26 10 00 04 00 00 31 27 C9
Bloque 51: 00 00 00 00 00 00 F7 87 80 00 00 00 00 00 00 00

+ SECTOR 13
Bloque 52: 00 00 00 00 00 00 00 00 00 00 00 00 00 00 00 00
Bloque 53: 00 00 00 00 00 00 00 00 00 00 00 00 00 00 00 00
Bloque 54: 00 00 00 00 00 00 00 00 00 00 00 00 00 00 00 00
Bloque 55: 00 00 00 00 00 00 F7 87 80 00 00 00 00 00 00 00

+ SECTOR 14
Bloque 56: 00 00 00 00 00 00 00 00 00 00 00 00 00 00 00 00
Bloque 57: 00 00 00 00 00 00 00 00 00 00 00 00 00 00 00 00
Bloque 58: 00 00 00 00 00 00 00 00 00 00 00 00 00 00 00 00
Bloque 59: 00 00 00 00 00 00 F7 87 80 00 00 00 00 00 00 00

+ SECTOR 15
Bloque 60: 00 00 00 00 00 00 00 00 00 00 00 00 00 00 00 00
Bloque 61: 00 00 00 00 00 00 00 00 00 00 00 00 00 00 00 00
Bloque 62: 00 00 00 00 00 00 00 00 00 00 00 00 00 00 00 00
Bloque 63: 00 00 00 00 00 00 F7 87 80 00 00 00 00 00 00 00
